"Kmer","Count_of_kmer_on_genome","Reverse_complement_of_kmer","Count_of_reverse_complement_of_kmer_on_genome","Total_count_of_kmer_and_reverse_complement_kmer_on_both_strands_of_genome"
"AAAA",26166,"TTTT",25078,51244
"AAAC",18293,"GTTT",17905,36198
"AAAG",12958,"CTTT",12780,25738
"AAAT",17461,"ATTT",17168,34629
"AACA",11721,"TGTT",11576,23297
"AACC",12488,"GGTT",12065,24553
"AACG",11849,"CGTT",11639,23488
"AACT",6612,"AGTT",6365,12977
"AAGA",8441,"TCTT",8222,16663
"AAGC",11656,"GCTT",11464,23120
"AAGG",9018,"CCTT",9092,18110
"AAGT",6521,"ACTT",6581,13102
"AATA",9833,"TATT",9740,19573
"AATC",13325,"GATT",13490,26815
"AATG",9946,"CATT",10059,20005
"AATT",9613,"AATT",9613,19226
"ACAA",10325,"TTGT",9775,20100
"ACAC",6282,"GTGT",6022,12304
"ACAG",7802,"CTGT",7765,15567
"ACAT",6585,"ATGT",6563,13148
"ACCA",7789,"TGGT",7989,15778
"ACCC",6228,"GGGT",5760,11988
"ACCG",13445,"CGGT",13154,26599
"ACCT",5919,"AGGT",5967,11886
"ACGA",7724,"TCGT",7902,15626
"ACGC",11344,"GCGT",10818,22162
"ACGG",13819,"CCGT",14099,27918
"ACGT",4721,"ACGT",4721,9442
"ACTA",2371,"TAGT",2292,4663
"ACTC",3303,"GAGT",3165,6468
"ACTG",6160,"CAGT",5940,12100
"ACTT",6581,"AAGT",6521,13102
"AGAA",7608,"TTCT",7780,15388
"AGAC",6358,"GTCT",6000,12358
"AGAG",3061,"CTCT",2972,6033
"AGAT",5199,"ATCT",5380,10579
"AGCA",8338,"TGCT",8310,16648
"AGCC",9884,"GGCT",9895,19779
"AGCG",8158,"CGCT",8318,16476
"AGCT",5086,"AGCT",5086,10172
"AGGA",5480,"TCCT",5853,11333
"AGGC",10433,"GCCT",10412,20845
"AGGG",5026,"CCCT",5207,10233
"AGGT",5967,"ACCT",5919,11886
"AGTA",3442,"TACT",3456,6898
"AGTC",4142,"GACT",4175,8317
"AGTG",3969,"CACT",4172,8141
"AGTT",6365,"AACT",6612,12977
"ATAA",8051,"TTAT",8385,16436
"ATAC",7270,"GTAT",7306,14576
"ATAG",4137,"CTAT",4298,8435
"ATAT",8985,"ATAT",8985,17970
"ATCA",9682,"TGAT",9795,19477
"ATCC",9339,"GGAT",9117,18456
"ATCG",11454,"CGAT",11140,22594
"ATCT",5380,"AGAT",5199,10579
"ATGA",7856,"TCAT",7904,15760
"ATGC",10755,"GCAT",11061,21816
"ATGG",7954,"CCAT",7836,15790
"ATGT",6563,"ACAT",6585,13148
"ATTA",6563,"TAAT",6153,12716
"ATTC",9214,"GAAT",8961,18175
"ATTG",9957,"CAAT",10142,20099
"ATTT",17168,"AAAT",17461,34629
"CAAA",21464,"TTTG",20716,42180
"CAAC",11269,"GTTG",10620,21889
"CAAG",8389,"CTTG",8368,16757
"CAAT",10142,"ATTG",9957,20099
"CACA",5923,"TGTG",5463,11386
"CACC",7300,"GGTG",7307,14607
"CACG",7387,"CGTG",7510,14897
"CACT",4172,"AGTG",3969,8141
"CAGA",7243,"TCTG",7367,14610
"CAGC",12136,"GCTG",12415,24551
"CAGG",10676,"CCTG",10570,21246
"CAGT",5940,"ACTG",6160,12100
"CATA",6367,"TATG",6697,13064
"CATC",12362,"GATG",11887,24249
"CATG",4598,"CATG",4598,9196
"CATT",10059,"AATG",9946,20005
"CCAA",13150,"TTGG",13031,26181
"CCAC",6696,"GTGG",6704,13400
"CCAG",4959,"CTGG",5472,10431
"CCAT",7836,"ATGG",7954,15790
"CCCA",7173,"TGGG",7065,14238
"CCCC",5321,"GGGG",4857,10178
"CCCG",10164,"CGGG",9824,19988
"CCCT",5207,"AGGG",5026,10233
"CCGA",14387,"TCGG",14512,28899
"CCGC",21228,"GCGG",20625,41853
"CCGG",9357,"CCGG",9357,18714
"CCGT",14099,"ACGG",13819,27918
"CCTA",3013,"TAGG",2959,5972
"CCTC",4716,"GAGG",4253,8969
"CCTG",10570,"CAGG",10676,21246
"CCTT",9092,"AAGG",9018,18110
"CGAA",13844,"TTCG",13701,27545
"CGAC",11075,"GTCG",11077,22152
"CGAG",5021,"CTCG",5274,10295
"CGAT",11140,"ATCG",11454,22594
"CGCA",12882,"TGCG",11902,24784
"CGCC",21855,"GGCG",21743,43598
"CGCG",16053,"CGCG",16053,32106
"CGCT",8318,"AGCG",8158,16476
"CGGA",10976,"TCCG",11173,22149
"CGGC",24359,"GCCG",24289,48648
"CGGG",9824,"CCCG",10164,19988
"CGGT",13154,"ACCG",13445,26599
"CGTA",6692,"TACG",6840,13532
"CGTC",11699,"GACG",11532,23231
"CGTG",7510,"CACG",7387,14897
"CGTT",11639,"AACG",11849,23488
"CTAA",2651,"TTAG",2638,5289
"CTAC",3582,"GTAG",3564,7146
"CTAG",1014,"CTAG",1014,2028
"CTAT",4298,"ATAG",4137,8435
"CTCA",4326,"TGAG",4058,8384
"CTCC",3559,"GGAG",3392,6951
"CTCG",5274,"CGAG",5021,10295
"CTCT",2972,"AGAG",3061,6033
"CTGA",9596,"TCAG",9221,18817
"CTGC",13679,"GCAG",14013,27692
"CTGG",5472,"CCAG",4959,10431
"CTGT",7765,"ACAG",7802,15567
"CTTA",3726,"TAAG",3563,7289
"CTTC",10485,"GAAG",10726,21211
"CTTG",8368,"CAAG",8389,16757
"CTTT",12780,"AAAG",12958,25738
"GAAA",17518,"TTTC",17431,34949
"GAAC",8677,"GTTC",8640,17317
"GAAG",10726,"CTTC",10485,21211
"GAAT",8961,"ATTC",9214,18175
"GACA",8500,"TGTC",8387,16887
"GACC",6391,"GGTC",6242,12633
"GACG",11532,"CGTC",11699,23231
"GACT",4175,"AGTC",4142,8317
"GAGA",3303,"TCTC",3331,6634
"GAGC",4811,"GCTC",4781,9592
"GAGG",4253,"CCTC",4716,8969
"GAGT",3165,"ACTC",3303,6468
"GATA",7596,"TATC",7890,15486
"GATC",2278,"GATC",2278,4556
"GATG",11887,"CATC",12362,24249
"GATT",13490,"AATC",13325,26815
"GCAA",15669,"TTGC",15232,30901
"GCAC",8260,"GTGC",7874,16134
"GCAG",14013,"CTGC",13679,27692
"GCAT",11061,"ATGC",10755,21816
"GCCA",9421,"TGGC",9665,19086
"GCCC",9801,"GGGC",9820,19621
"GCCG",24289,"CGGC",24359,48648
"GCCT",10412,"AGGC",10433,20845
"GCGA",10035,"TCGC",10158,20193
"GCGC",16378,"GCGC",16378,32756
"GCGG",20625,"CCGC",21228,41853
"GCGT",10818,"ACGC",11344,22162
"GCTA",2949,"TAGC",2863,5812
"GCTC",4781,"GAGC",4811,9592
"GCTG",12415,"CAGC",12136,24551
"GCTT",11464,"AAGC",11656,23120
"GGAA",12314,"TTCC",12284,24598
"GGAC",6410,"GTCC",6617,13027
"GGAG",3392,"CTCC",3559,6951
"GGAT",9117,"ATCC",9339,18456
"GGCA",18751,"TGCC",18296,37047
"GGCC",3888,"GGCC",3888,7776
"GGCG",21743,"CGCC",21855,43598
"GGCT",9895,"AGCC",9884,19779
"GGGA",6335,"TCCC",6515,12850
"GGGC",9820,"GCCC",9801,19621
"GGGG",4857,"CCCC",5321,10178
"GGGT",5760,"ACCC",6228,11988
"GGTA",7256,"TACC",7202,14458
"GGTC",6242,"GACC",6391,12633
"GGTG",7307,"CACC",7300,14607
"GGTT",12065,"AACC",12488,24553
"GTAA",6025,"TTAC",6302,12327
"GTAC",5194,"GTAC",5194,10388
"GTAG",3564,"CTAC",3582,7146
"GTAT",7306,"ATAC",7270,14576
"GTCA",6776,"TGAC",6755,13531
"GTCC",6617,"GGAC",6410,13027
"GTCG",11077,"CGAC",11075,22152
"GTCT",6000,"AGAC",6358,12358
"GTGA",3649,"TCAC",3544,7193
"GTGC",7874,"GCAC",8260,16134
"GTGG",6704,"CCAC",6696,13400
"GTGT",6022,"ACAC",6282,12304
"GTTA",4480,"TAAC",4431,8911
"GTTC",8640,"GAAC",8677,17317
"GTTG",10620,"CAAC",11269,21889
"GTTT",17905,"AAAC",18293,36198
"TAAA",9730,"TTTA",9706,19436
"TAAC",4431,"GTTA",4480,8911
"TAAG",3563,"CTTA",3726,7289
"TAAT",6153,"ATTA",6563,12716
"TACA",4850,"TGTA",4699,9549
"TACC",7202,"GGTA",7256,14458
"TACG",6840,"CGTA",6692,13532
"TACT",3456,"AGTA",3442,6898
"TAGA",3239,"TCTA",3212,6451
"TAGC",2863,"GCTA",2949,5812
"TAGG",2959,"CCTA",3013,5972
"TAGT",2292,"ACTA",2371,4663
"TATA",4647,"TATA",4647,9294
"TATC",7890,"GATA",7596,15486
"TATG",6697,"CATA",6367,13064
"TATT",9740,"AATA",9833,19573
"TCAA",12120,"TTGA",11623,23743
"TCAC",3544,"GTGA",3649,7193
"TCAG",9221,"CTGA",9596,18817
"TCAT",7904,"ATGA",7856,15760
"TCCA",8258,"TGGA",8442,16700
"TCCC",6515,"GGGA",6335,12850
"TCCG",11173,"CGGA",10976,22149
"TCCT",5853,"AGGA",5480,11333
"TCGA",8934,"TCGA",8934,17868
"TCGC",10158,"GCGA",10035,20193
"TCGG",14512,"CCGA",14387,28899
"TCGT",7902,"ACGA",7724,15626
"TCTA",3212,"TAGA",3239,6451
"TCTC",3331,"GAGA",3303,6634
"TCTG",7367,"CAGA",7243,14610
"TCTT",8222,"AAGA",8441,16663
"TGAA",12116,"TTCA",12005,24121
"TGAC",6755,"GTCA",6776,13531
"TGAG",4058,"CTCA",4326,8384
"TGAT",9795,"ATCA",9682,19477
"TGCA",9032,"TGCA",9032,18064
"TGCC",18296,"GGCA",18751,37047
"TGCG",11902,"CGCA",12882,24784
"TGCT",8310,"AGCA",8338,16648
"TGGA",8442,"TCCA",8258,16700
"TGGC",9665,"GCCA",9421,19086
"TGGG",7065,"CCCA",7173,14238
"TGGT",7989,"ACCA",7789,15778
"TGTA",4699,"TACA",4850,9549
"TGTC",8387,"GACA",8500,16887
"TGTG",5463,"CACA",5923,11386
"TGTT",11576,"AACA",11721,23297
"TTAA",7150,"TTAA",7150,14300
"TTAC",6302,"GTAA",6025,12327
"TTAG",2638,"CTAA",2651,5289
"TTAT",8385,"ATAA",8051,16436
"TTCA",12005,"TGAA",12116,24121
"TTCC",12284,"GGAA",12314,24598
"TTCG",13701,"CGAA",13844,27545
"TTCT",7780,"AGAA",7608,15388
"TTGA",11623,"TCAA",12120,23743
"TTGC",15232,"GCAA",15669,30901
"TTGG",13031,"CCAA",13150,26181
"TTGT",9775,"ACAA",10325,20100
"TTTA",9706,"TAAA",9730,19436
"TTTC",17431,"GAAA",17518,34949
"TTTG",20716,"CAAA",21464,42180
"TTTT",25078,"AAAA",26166,51244
